U(1) = 100
U(2) = 80
R(1) = 450
R(2) = 810
R(3) = 190
R(4) = 220
R(5) = 220
R(6) = 720
R(7) = 260
R(8) = 180
------------------
U(12) = 180
R(56) = 168.51
R(78) = 440

R(A) = 251.379310344828
R(B) = 58.9655172413793
R(C) = 106.137931034483

